736.2919125758584 115.2156806646934
515.9843572191103 714.8765687950798
740.8908387912729 704.1618440286489
236.2236057664097 337.3640197550947
538.3613817268792 202.46919239369942
342.3721116677585 669.2472847685809
722.6314195091271 437.3913318924404
29.661759540181 612.8304495285983
766.3171640528666 140.34167724406882
546.4388977145531 620.5856760699401
239.10672424210793 339.6911923399756
201.61073233855484 739.5134525981039
504.2691357499575 756.6912640550327
450.2165354479402 258.62803912883015
93.28800515130915 404.5215960357494
257.1239113851651 159.56779303359826
158.62032265148756 390.4630330583303
738.850199051414 770.3305115817575
404.58028249830323 521.1954053636034
483.5086464036901 622.133773597902
296.3480216705509 511.22038700835157
348.87974462716056 109.4003100368119
347.10348545921 594.4093622725857
538.6075729711469 752.8683736736385
683.2851517204426 338.6762703204347
756.5209456324999 465.82703042329337
487.97381049572044 63.775422154189876
639.0798792467729 423.47656898437197
322.4014407223283 462.2244031103264
65.94670745470425 735.4138440332104
525.5849038924173 23.351888044035007
548.6825041555669 521.2425708494715
92.08478248615073 260.4705420557308
97.56832072883483 389.3087561476551
427.889130720831 741.1747862223558
366.55145776135 518.5610207354941
784.4223223904035 320.7637323171622
76.31676531952624 343.5359272480557
170.67878717908326 178.78900637614663
715.4829777270552 242.46834275987564
543.4818440653598 258.72756243903063
119.92392191557188 28.52680647279815
475.8674470419812 710.779611634543
730.2148675691828 244.1738607562746
503.5929802426008 737.7913983891008
127.20378660474142 258.6514707098713
549.7710845936934 44.303103900719876
245.70769484134053 768.5912163433721
227.62842658477354 88.72164442004174
466.33381955904946 701.7498355395271
21.38945088016646 738.6185967965891
585.4260519026608 123.86943234603595
545.2852300211579 729.1529711484217
463.1360821235344 748.6629287618167
280.68721452319465 724.6191465598077
749.6197958245925 450.92433682458505
191.36604430067646 583.1196419813671
289.35855569920477 582.7641192206435
416.87529624958535 24.36299055358493
203.60537472442718 92.96963245641736
644.0603289204934 700.5866279467318
650.9563682387857 49.49037244990624
556.6920514284795 470.60472915207765
266.04691866047926 565.0483503675974
763.2256702441343 276.9809996848663
276.3730594854842 125.87349737894557
602.6845628772663 26.326641736236223
97.23767921443702 123.56393739587742
428.66897446962025 672.7230959229663
4.821837271058449 590.0714079391515
771.4898889640124 104.26993414430923
87.38110250514906 335.8115728316016
378.42773510340703 32.75777837615897
674.5667891104032 290.8993638089454
732.1162908482673 286.4659891025796
644.8722389686537 49.509404692339665
647.0513272564161 106.08570154974872
411.2041683019405 17.36123798085165
544.2245103858157 443.76753618983145
384.57888193707436 762.3298247405393
3.8821499482192046 465.2945616798378
115.94362340359909 768.1807515460158
196.40899140901774 655.3800274378406
116.12284032796536 191.43067495583745
391.3369978891075 126.09032481232099
353.8894545308829 621.3326637752378
144.4791516710966 528.3928013353761
632.161214313891 442.9865404341067
363.1882216656704 166.82854130861617
42.321896477030485 603.5741916778887
449.74061008694395 317.31033325893713
696.6676382094494 381.7199618202303
722.8450458786832 148.04547259676218
138.9782736831874 359.97603915040327
117.27647655880106 643.5835723302248
33.21352633852772 200.4327222466844
761.6347591310089 331.9894831631875
330.33437276553263 423.45383441658964
634.228549414741 15.14109051898238
113.24929803993359 589.537065726778
